9.0000e+01 0.0000e+00 0.0000e+00
9.0000e+01 0.0000e+00 -6.0000e+00
9.0000e+01 0.0000e+00 -1.2000e+01
9.0000e+01 0.0000e+00 -1.8000e+01
9.0000e+01 0.0000e+00 -2.4000e+01
9.0000e+01 0.0000e+00 -3.0000e+01
9.0000e+01 0.0000e+00 -3.6000e+01
9.0000e+01 0.0000e+00 -4.2000e+01
9.0000e+01 0.0000e+00 -4.8000e+01
9.0000e+01 0.0000e+00 -5.4000e+01
9.0000e+01 2.0000e+01 0.0000e+00
9.0000e+01 2.0000e+01 -6.0000e+00
9.0000e+01 2.0000e+01 -1.2000e+01
9.0000e+01 2.0000e+01 -1.8000e+01
9.0000e+01 2.0000e+01 -2.4000e+01
9.0000e+01 2.0000e+01 -3.0000e+01
9.0000e+01 2.0000e+01 -3.6000e+01
9.0000e+01 2.0000e+01 -4.2000e+01
9.0000e+01 2.0000e+01 -4.8000e+01
9.0000e+01 2.0000e+01 -5.4000e+01
9.0000e+01 4.0000e+01 0.0000e+00
9.0000e+01 4.0000e+01 -6.0000e+00
9.0000e+01 4.0000e+01 -1.2000e+01
9.0000e+01 4.0000e+01 -1.8000e+01
9.0000e+01 4.0000e+01 -2.4000e+01
9.0000e+01 4.0000e+01 -3.0000e+01
9.0000e+01 4.0000e+01 -3.6000e+01
9.0000e+01 4.0000e+01 -4.2000e+01
9.0000e+01 4.0000e+01 -4.8000e+01
9.0000e+01 4.0000e+01 -5.4000e+01
9.0000e+01 6.0000e+01 0.0000e+00
9.0000e+01 6.0000e+01 -6.0000e+00
9.0000e+01 6.0000e+01 -1.2000e+01
9.0000e+01 6.0000e+01 -1.8000e+01
9.0000e+01 6.0000e+01 -2.4000e+01
9.0000e+01 6.0000e+01 -3.0000e+01
9.0000e+01 6.0000e+01 -3.6000e+01
9.0000e+01 6.0000e+01 -4.2000e+01
9.0000e+01 6.0000e+01 -4.8000e+01
9.0000e+01 6.0000e+01 -5.4000e+01
9.0000e+01 8.0000e+01 0.0000e+00
9.0000e+01 8.0000e+01 -6.0000e+00
9.0000e+01 8.0000e+01 -1.2000e+01
9.0000e+01 8.0000e+01 -1.8000e+01
9.0000e+01 8.0000e+01 -2.4000e+01
9.0000e+01 8.0000e+01 -3.0000e+01
9.0000e+01 8.0000e+01 -3.6000e+01
9.0000e+01 8.0000e+01 -4.2000e+01
9.0000e+01 8.0000e+01 -4.8000e+01
9.0000e+01 8.0000e+01 -5.4000e+01
9.0000e+01 1.0000e+02 0.0000e+00
9.0000e+01 1.0000e+02 -6.0000e+00
9.0000e+01 1.0000e+02 -1.2000e+01
9.0000e+01 1.0000e+02 -1.8000e+01
9.0000e+01 1.0000e+02 -2.4000e+01
9.0000e+01 1.0000e+02 -3.0000e+01
9.0000e+01 1.0000e+02 -3.6000e+01
9.0000e+01 1.0000e+02 -4.2000e+01
9.0000e+01 1.0000e+02 -4.8000e+01
9.0000e+01 1.0000e+02 -5.4000e+01
9.0000e+01 1.2000e+02 0.0000e+00
9.0000e+01 1.2000e+02 -6.0000e+00
9.0000e+01 1.2000e+02 -1.2000e+01
9.0000e+01 1.2000e+02 -1.8000e+01
9.0000e+01 1.2000e+02 -2.4000e+01
9.0000e+01 1.2000e+02 -3.0000e+01
9.0000e+01 1.2000e+02 -3.6000e+01
9.0000e+01 1.2000e+02 -4.2000e+01
9.0000e+01 1.2000e+02 -4.8000e+01
9.0000e+01 1.2000e+02 -5.4000e+01
9.0000e+01 1.4000e+02 0.0000e+00
9.0000e+01 1.4000e+02 -6.0000e+00
9.0000e+01 1.4000e+02 -1.2000e+01
9.0000e+01 1.4000e+02 -1.8000e+01
9.0000e+01 1.4000e+02 -2.4000e+01
9.0000e+01 1.4000e+02 -3.0000e+01
9.0000e+01 1.4000e+02 -3.6000e+01
9.0000e+01 1.4000e+02 -4.2000e+01
9.0000e+01 1.4000e+02 -4.8000e+01
9.0000e+01 1.4000e+02 -5.4000e+01
9.0000e+01 1.6000e+02 0.0000e+00
9.0000e+01 1.6000e+02 -6.0000e+00
9.0000e+01 1.6000e+02 -1.2000e+01
9.0000e+01 1.6000e+02 -1.8000e+01
9.0000e+01 1.6000e+02 -2.4000e+01
9.0000e+01 1.6000e+02 -3.0000e+01
9.0000e+01 1.6000e+02 -3.6000e+01
9.0000e+01 1.6000e+02 -4.2000e+01
9.0000e+01 1.6000e+02 -4.8000e+01
9.0000e+01 1.6000e+02 -5.4000e+01
9.0000e+01 1.8000e+02 0.0000e+00
9.0000e+01 1.8000e+02 -6.0000e+00
9.0000e+01 1.8000e+02 -1.2000e+01
9.0000e+01 1.8000e+02 -1.8000e+01
9.0000e+01 1.8000e+02 -2.4000e+01
9.0000e+01 1.8000e+02 -3.0000e+01
9.0000e+01 1.8000e+02 -3.6000e+01
9.0000e+01 1.8000e+02 -4.2000e+01
9.0000e+01 1.8000e+02 -4.8000e+01
9.0000e+01 1.8000e+02 -5.4000e+01
9.0000e+01 2.0000e+02 0.0000e+00
9.0000e+01 2.0000e+02 -6.0000e+00
9.0000e+01 2.0000e+02 -1.2000e+01
9.0000e+01 2.0000e+02 -1.8000e+01
9.0000e+01 2.0000e+02 -2.4000e+01
9.0000e+01 2.0000e+02 -3.0000e+01
9.0000e+01 2.0000e+02 -3.6000e+01
9.0000e+01 2.0000e+02 -4.2000e+01
9.0000e+01 2.0000e+02 -4.8000e+01
9.0000e+01 2.0000e+02 -5.4000e+01
9.0000e+01 2.2000e+02 0.0000e+00
9.0000e+01 2.2000e+02 -6.0000e+00
9.0000e+01 2.2000e+02 -1.2000e+01
9.0000e+01 2.2000e+02 -1.8000e+01
9.0000e+01 2.2000e+02 -2.4000e+01
9.0000e+01 2.2000e+02 -3.0000e+01
9.0000e+01 2.2000e+02 -3.6000e+01
9.0000e+01 2.2000e+02 -4.2000e+01
9.0000e+01 2.2000e+02 -4.8000e+01
9.0000e+01 2.2000e+02 -5.4000e+01
9.0000e+01 2.4000e+02 0.0000e+00
9.0000e+01 2.4000e+02 -6.0000e+00
9.0000e+01 2.4000e+02 -1.2000e+01
9.0000e+01 2.4000e+02 -1.8000e+01
9.0000e+01 2.4000e+02 -2.4000e+01
9.0000e+01 2.4000e+02 -3.0000e+01
9.0000e+01 2.4000e+02 -3.6000e+01
9.0000e+01 2.4000e+02 -4.2000e+01
9.0000e+01 2.4000e+02 -4.8000e+01
9.0000e+01 2.4000e+02 -5.4000e+01
9.0000e+01 2.6000e+02 0.0000e+00
9.0000e+01 2.6000e+02 -6.0000e+00
9.0000e+01 2.6000e+02 -1.2000e+01
9.0000e+01 2.6000e+02 -1.8000e+01
9.0000e+01 2.6000e+02 -2.4000e+01
9.0000e+01 2.6000e+02 -3.0000e+01
9.0000e+01 2.6000e+02 -3.6000e+01
9.0000e+01 2.6000e+02 -4.2000e+01
9.0000e+01 2.6000e+02 -4.8000e+01
9.0000e+01 2.6000e+02 -5.4000e+01
9.0000e+01 2.8000e+02 0.0000e+00
9.0000e+01 2.8000e+02 -6.0000e+00
9.0000e+01 2.8000e+02 -1.2000e+01
9.0000e+01 2.8000e+02 -1.8000e+01
9.0000e+01 2.8000e+02 -2.4000e+01
9.0000e+01 2.8000e+02 -3.0000e+01
9.0000e+01 2.8000e+02 -3.6000e+01
9.0000e+01 2.8000e+02 -4.2000e+01
9.0000e+01 2.8000e+02 -4.8000e+01
9.0000e+01 2.8000e+02 -5.4000e+01
9.0000e+01 3.0000e+02 0.0000e+00
9.0000e+01 3.0000e+02 -6.0000e+00
9.0000e+01 3.0000e+02 -1.2000e+01
9.0000e+01 3.0000e+02 -1.8000e+01
9.0000e+01 3.0000e+02 -2.4000e+01
9.0000e+01 3.0000e+02 -3.0000e+01
9.0000e+01 3.0000e+02 -3.6000e+01
9.0000e+01 3.0000e+02 -4.2000e+01
9.0000e+01 3.0000e+02 -4.8000e+01
9.0000e+01 3.0000e+02 -5.4000e+01
9.0000e+01 3.2000e+02 0.0000e+00
9.0000e+01 3.2000e+02 -6.0000e+00
9.0000e+01 3.2000e+02 -1.2000e+01
9.0000e+01 3.2000e+02 -1.8000e+01
9.0000e+01 3.2000e+02 -2.4000e+01
9.0000e+01 3.2000e+02 -3.0000e+01
9.0000e+01 3.2000e+02 -3.6000e+01
9.0000e+01 3.2000e+02 -4.2000e+01
9.0000e+01 3.2000e+02 -4.8000e+01
9.0000e+01 3.2000e+02 -5.4000e+01
9.0000e+01 3.4000e+02 0.0000e+00
9.0000e+01 3.4000e+02 -6.0000e+00
9.0000e+01 3.4000e+02 -1.2000e+01
9.0000e+01 3.4000e+02 -1.8000e+01
9.0000e+01 3.4000e+02 -2.4000e+01
9.0000e+01 3.4000e+02 -3.0000e+01
9.0000e+01 3.4000e+02 -3.6000e+01
9.0000e+01 3.4000e+02 -4.2000e+01
9.0000e+01 3.4000e+02 -4.8000e+01
9.0000e+01 3.4000e+02 -5.4000e+01
9.0000e+01 3.6000e+02 0.0000e+00
9.0000e+01 3.6000e+02 -6.0000e+00
9.0000e+01 3.6000e+02 -1.2000e+01
9.0000e+01 3.6000e+02 -1.8000e+01
9.0000e+01 3.6000e+02 -2.4000e+01
9.0000e+01 3.6000e+02 -3.0000e+01
9.0000e+01 3.6000e+02 -3.6000e+01
9.0000e+01 3.6000e+02 -4.2000e+01
9.0000e+01 3.6000e+02 -4.8000e+01
9.0000e+01 3.6000e+02 -5.4000e+01
9.0000e+01 3.8000e+02 0.0000e+00
9.0000e+01 3.8000e+02 -6.0000e+00
9.0000e+01 3.8000e+02 -1.2000e+01
9.0000e+01 3.8000e+02 -1.8000e+01
9.0000e+01 3.8000e+02 -2.4000e+01
9.0000e+01 3.8000e+02 -3.0000e+01
9.0000e+01 3.8000e+02 -3.6000e+01
9.0000e+01 3.8000e+02 -4.2000e+01
9.0000e+01 3.8000e+02 -4.8000e+01
9.0000e+01 3.8000e+02 -5.4000e+01
